0.00247887699341
0.00610521033055
0.0114711029637
0.00361894182086
0.00803033049371
0.0283303970577
0.145104842242
0.000229408476883
0.00184728172697
0.0071672388483
3.88161582077e-05
0.000906087598409
0.00097485148274
0.0027494233002
0.000145403635749
0.000119146128945
5.35032087108e-05
0.00043231091885
0.00272773511061
0.000758892216835
0.000360221081617
0.000896528747817
0.014836080276
0.00744360511249
0.000815165685061
0.0156824889092
0.000337260117541
0.133237915617
0.00436736004982
0.00105552801883
0.000155873667587
0.000200085062227
0.00830662275271
0.00553172143037
0.000316556879587
0.00413271592387
0.00191059080813
0.0177118075007
0.00318792119454
0.000152369107287
1.42261021728e-05
0.0285440594783
0.00405213675101
0.000393143477051
0.00791432380173
0.000420332761747
0.00238478427495
0.0231297031028
0.00115476587142
0.124383241096
0.00484082914652
0.00548306587945
0.00317779771012
0.00316191576061
0.000636299476792
0.000261926860715
0.000421336252888
0.0114545421895
0.0447777177088
0.0033931487776
0.000165134525906
0.0016083255172
7.24614474357e-05
0.00323553067747
0.0586231749872
0.00941137697691
0.000498764937971
0.00238702204251
0.00209793022487
0.000441879871581
9.81850311644e-05
0.000291427122798
0.000122041609234
0.00110998563899
0.000383193711071
0.000192565485754
0.00497075907392
0.0223863297958
0.00982003621597
0.0106717899814
0.000423202967527
0.0131396429357
0.000867272363042
0.0116462486057
0.00218754434412
0.000305372020454
0.000140986946267
0.00801468581349
0.00375887433482
8.60207530602e-05
0.00212214146058
0.000136381997829
2.06372133826e-05
0.09006187808
0.000823258032824
0.00107001082552
1.81866297943e-05
0.0204003639406
0.00225480886801
7.05185556128e-06
